10
5
0 0 0 0 0
0 0 1 0 0
0 0 0 0 0
0 0 1 0 0
0 0 0 0 0
5
1 0 2
3 0 2
0 1 2
1 4 2
4 4 2
7
0 0 0 0 0 0 0
0 0 0 0 0 0 0
0 0 0 0 0 0 0
0 0 0 0 0 0 0
0 0 1 0 0 0 0
1 1 1 0 0 0 0
1 1 1 0 0 0 0
6
2 0 3
2 1 4
2 2 3
2 3 6
3 4 3
4 4 2
8
1 0 0 0 0 0 0 0
0 0 0 0 0 0 0 0
0 1 0 1 0 0 0 0
0 0 0 0 0 0 0 0
0 0 0 0 0 0 1 0
0 0 0 0 1 0 0 0
0 0 0 0 0 1 0 0
0 1 0 0 0 0 0 0
12
3 3 3
5 7 5
3 1 4
0 1 6
7 1 3
7 5 5
7 7 7
6 2 7
7 4 4
4 4 3
6 3 7
6 6 4
10
0 0 0 0 0 0 1 0 1 1
1 0 0 0 0 0 0 0 0 0
1 0 0 0 0 0 0 0 0 0
1 1 0 1 0 0 0 0 0 0
0 0 0 0 0 0 0 1 1 0
1 0 0 1 0 1 1 0 0 0
1 0 1 0 0 1 0 0 0 1
0 0 0 0 0 1 0 0 0 0
0 0 0 0 0 0 0 0 1 0
1 0 0 1 0 0 0 0 0 0
20
6 9 4
2 5 6
5 1 4
2 8 5
7 1 5
7 6 4
8 6 4
9 5 4
3 1 5
1 9 4
2 3 7
9 1 6
6 2 4
6 8 5
7 8 6
5 2 4
2 9 5
4 8 4
0 0 5
5 4 4
15
0 0 1 0 1 0 0 0 0 0 0 0 0 1 0
0 0 0 1 0 0 0 0 0 1 0 0 0 0 0
0 0 0 0 0 0 0 0 0 0 0 0 0 0 0
0 0 0 0 0 0 0 0 0 0 0 0 0 0 0
0 0 0 0 0 0 1 0 0 0 0 0 1 0 0
0 0 0 0 0 0 0 0 0 0 1 0 0 0 0
1 0 1 0 0 0 1 0 0 1 0 1 0 0 0
0 0 0 1 0 0 0 0 0 0 0 0 0 0 0
0 0 0 0 0 1 0 0 0 0 0 0 0 0 0
0 0 0 1 0 0 0 0 0 0 0 0 0 0 0
0 0 0 0 0 0 0 0 1 0 0 0 0 1 0
0 0 0 0 0 0 0 0 0 1 0 0 0 0 0
1 0 0 0 0 0 0 0 0 0 0 0 0 0 0
0 0 0 0 0 0 1 1 0 0 0 0 0 0 0
0 0 0 0 0 0 0 0 0 0 0 0 0 0 0
30
11 9 5
14 5 3
14 0 5
1 5 6
13 12 3
9 8 7
7 0 3
5 12 7
12 8 6
4 9 7
1 10 3
13 8 6
13 4 6
12 13 5
0 0 6
13 9 4
11 4 3
9 7 3
0 10 7
6 2 3
8 9 4
3 10 6
2 3 7
6 12 5
12 11 5
14 8 7
0 13 5
6 5 5
14 13 6
9 5 7
20
0 0 0 0 0 0 0 0 0 0 0 0 0 0 0 0 0 0 0 0
0 0 0 0 0 0 1 0 0 0 0 0 0 0 0 0 0 1 0 0
0 0 0 0 0 0 0 0 0 0 0 0 0 0 0 0 0 0 0 0
0 0 0 0 0 0 1 0 0 0 0 0 0 0 1 0 0 0 0 0
0 1 0 0 0 0 0 0 0 0 0 0 0 0 0 0 0 0 0 0
0 0 0 0 1 0 0 0 0 0 1 0 0 0 0 0 0 0 0 0
0 0 0 0 0 0 0 0 1 0 0 0 0 0 0 0 0 0 0 0
0 0 0 0 0 0 0 0 0 0 0 0 0 0 0 0 0 0 1 0
0 0 1 0 0 0 0 0 0 0 0 0 0 0 0 1 0 0 0 0
0 1 0 0 0 0 0 0 0 0 0 0 0 0 0 0 0 0 1 0
0 0 0 0 0 0 0 0 0 0 0 0 0 0 0 0 0 0 0 0
0 0 0 0 0 0 0 0 0 0 0 0 0 0 0 0 1 0 0 1
0 0 1 0 0 0 0 0 0 0 1 0 0 0 0 0 0 0 0 0
0 0 0 0 0 1 0 0 0 0 0 0 0 0 0 0 0 0 0 0
1 0 0 0 0 0 0 0 0 0 0 0 0 0 1 0 0 0 0 0
0 0 0 0 0 1 0 0 0 0 0 0 0 0 0 0 0 0 0 0
0 0 0 0 0 0 1 0 0 0 0 0 0 0 0 1 0 0 0 0
1 0 0 0 0 0 0 0 0 0 0 0 0 0 0 0 0 0 0 0
0 0 0 0 0 0 0 0 0 0 0 0 0 0 0 0 0 0 0 0
0 0 0 0 0 0 0 0 0 1 0 0 0 0 0 0 0 0 0 0
25
3 13 3
12 3 3
11 4 3
11 18 3
9 5 5
11 12 5
18 17 4
6 2 4
3 12 4
7 2 4
14 5 4
8 12 6
12 2 6
14 15 4
7 12 4
2 11 4
13 5 7
11 14 3
15 5 7
13 15 7
4 11 4
19 2 7
3 17 4
5 11 4
7 1 3
7
0 0 0 0 1 1 1
0 1 0 1 1 0 0
0 1 1 0 1 0 0
0 1 0 1 0 1 1
0 0 0 0 0 0 0
0 1 1 0 0 0 0
1 1 0 0 0 0 0
20
2 1 7
1 0 5
4 5 3
3 5 5
4 3 5
6 2 6
2 0 7
6 4 5
2 4 3
0 2 7
5 1 3
0 3 7
3 0 7
4 4 5
3 4 6
0 1 7
2 3 4
0 0 3
5 4 3
3 6 7
15
0 0 1 0 0 0 0 0 0 0 0 0 0 0 0
0 1 0 0 0 0 0 0 0 1 0 0 0 1 0
0 0 0 0 0 0 0 0 0 0 0 0 0 0 0
0 1 1 0 0 0 0 0 0 0 0 1 0 0 0
0 0 0 0 0 0 0 1 0 0 1 1 0 1 0
0 1 0 1 1 0 0 1 0 0 0 0 0 0 1
0 0 0 1 1 0 0 0 0 0 0 0 0 1 0
0 0 0 1 0 0 0 0 0 0 1 0 0 0 1
0 0 0 0 0 1 0 0 0 1 0 0 0 0 0
0 0 0 0 0 0 0 0 0 1 0 0 0 0 0
0 0 0 1 0 0 0 1 1 0 0 0 1 0 0
0 0 0 0 0 0 0 0 0 0 0 0 0 0 0
0 1 1 1 1 1 0 0 0 0 0 0 0 0 0
1 0 0 0 0 0 0 0 0 0 0 0 0 0 0
0 0 0 0 0 0 0 0 0 1 0 0 0 0 0
20
10 1 6
10 0 3
13 5 7
14 2 3
2 10 3
4 9 3
8 12 3
12 2 4
0 4 7
14 1 5
13 9 3
14 4 5
8 1 6
13 2 7
13 10 3
4 7 7
12 1 3
11 5 5
9 13 5
6 13 6
20
0 0 0 0 1 0 0 0 0 0 0 0 0 0 1 0 0 0 0 0
0 0 1 0 0 0 0 0 1 1 0 0 0 0 1 1 0 0 0 0
0 0 0 0 0 0 0 0 0 1 0 0 0 0 0 1 0 0 0 0
0 0 0 0 1 0 0 0 0 0 0 0 1 0 0 1 0 0 0 0
0 1 0 0 0 0 0 0 1 0 0 0 0 0 0 0 0 0 0 1
0 0 0 0 0 0 0 1 0 0 0 0 0 0 0 0 0 0 1 0
1 0 0 0 0 0 0 0 0 0 0 0 0 0 1 0 0 0 0 0
0 0 0 0 0 0 0 0 0 0 0 0 0 1 0 1 0 0 0 0
0 0 1 0 0 0 0 0 0 0 0 0 0 0 0 1 0 0 0 1
0 0 0 0 0 1 0 1 0 0 0 0 0 0 0 0 0 0 0 0
0 0 0 1 0 1 0 1 0 0 1 0 0 0 0 0 0 0 0 0
0 0 0 0 0 1 0 0 0 0 0 0 0 0 1 0 0 0 0 0
0 1 0 0 0 0 0 0 0 0 0 0 0 0 0 0 0 0 0 0
0 0 0 0 0 0 0 0 0 1 0 0 0 0 0 0 0 0 0 0
0 0 0 0 0 1 0 0 0 1 0 1 0 0 0 0 0 1 0 0
0 0 0 0 0 0 0 0 0 1 0 1 0 0 1 0 0 1 0 1
0 0 0 0 0 0 0 0 0 0 0 1 0 0 0 0 0 0 1 0
1 0 0 0 0 0 0 0 0 0 0 0 0 1 1 0 0 0 0 0
0 0 0 0 0 0 0 0 1 1 0 0 0 0 0 0 0 0 0 0
0 0 0 0 0 0 0 0 0 0 0 0 0 0 0 0 0 0 0 0
40
3 11 5
3 18 6
4 19 4
13 19 5
18 0 3
7 4 6
8 10 7
0 12 5
9 16 6
16 0 3
3 0 4
19 3 5
3 2 3
17 3 3
10 1 5
14 9 5
8 0 5
0 11 5
11 19 4
2 12 4
4 7 6
15 15 7
15 12 4
5 18 4
6 5 7
14 19 4
15 9 4
2 17 5
2 11 5
10 11 7
3 7 6
11 5 6
11 1 5
3 14 6
19 14 3
0 16 4
16 2 5
17 8 7
1 2 7
9 5 7
5
0 0 0 0 1
0 0 0 0 0
0 0 0 0 0
0 0 0 0 1
0 0 1 0 0
5
2 3 6
0 3 5
2 2 3
0 0 3
4 4 5
